819827
524901
1271881
1283240
703448
1282898
3632308
1273294
502069
3645532
529368
462755
502018
538601
463355
560756
509820
498817
547560
1496747
709717
555746
712969
569591
532477
471457
711660
564719
564912
571557
563705
532657
523812
503977
505597
463826
580597
549373
497165
496638
580881
487095
583350
552977
548278
515024
535243
566950
557132
468250
562445
549531
534174
531098
526652
526651
487441
540030
505824
557382
565955
492333
529638
694320
1261481
1271951
1260637
1270000
1266073
1274343
1263364
1271059
1271956
1279259
1266510
1271900
1276128
1264323
1273369
1276767
1269515
1263649
1256705
3645528
3625710
572090
471501
3641099
3644417
473021
516436
524649
579838
523186
582358
546633
485817
709584
688501
711999
550280
542374
522730
476372
468671
464343
500400
582926
608668
610386
1265961
1276589
1276666
1272822
1270642
523750
625144
571170
552974
2014006
689037
1253405
1258642
1262634
1257022
1260454
1275120
1256532
1272653
1261837
1257800
1253918
1268540
1253673
1269447
1278990
1270370
1257459
1264085
1268545
1264733
1270890
1257005
1252698
1254536
1283621
1283613
1283190
1282931
692672
711390
694558
578953
509998
521821
461920
480685
541286
545405
471656
502345
525396
516305
556463
563523
512023
565007
515186
518346
475845
580616
495515
573922
463465
527888
6730265
496527
503581
533964
545673
461704
543106
1264773
294166
1258972
691606
565284
688455
1506394
518337
492448
463829
583491
510225
487227
621729
618800
1283011
1253986
1260716
1268865
1269507
1259148
1279159
1267995
1271439
1275389
479123
6417535
500843
469341
486968
524423
490996
507599
495344
562319
491351
565381
469533
568808
562322
523553
495619
529505
532138
543494
559678
464101
510323
559459
524294
468030
551891
554836
489741
524298
500096
499975
464687
513362
562321
461916
543018
572665
520555
522871
513095
466084
553389
548781
485824
561783
466215
578641
546521
491687
628758
624079
630431
622034
625665
629471
627272
630468
624034
626956
624700
628182
625128
626939
624785
621754
622997
629634
545791
575609
543878
486015
555312
562309
505060
509029
542024
543704
505112
542908
476062
516539
481960
491025
567695
562161
563522
489264
709112
700997
712930
688533
701619
711527
712576
694423
713513
697653
692315
697124
709161
694910
690556
688105
706524
700550
710687
491422
542681
536625
523048
553514
566157
561667
559317
584365
582181
473295
473546
483661
560513
583811
488713
611847
615912
615460
614622
512039
2014571
2021956
584243
803494
803498
549424
823674
477047
552562
498462
505539
559320
494846
503550
480716
526480
581788
485871
535440
518585
563601
580969
490747
708953
550846
581313
504376
709075
522377
554668
537281
498672
518255
577893
502542
496385
483142
517769
482582
512382
692714
487846
542420
712587
712427
488606
517842
550452
492094
478044
481275
509124
537235
540761
527968
554173
551669
544896
470338
482965
709334
542334
556170
512533
518249
483029
483326
518325
540055
704362
488758
578169
512051
712160
510613
699706
697957
698740
2020689
499161
488742
708632
538416
553159
565456
713743
504831
466885
712451
701404
514796
499055
699657
462522
583673
501175
691469
505256
579771
564593
558384
686729
2013229
543728
707898
528242
703555
580139
499535
703845
546579
578155
525162
489062
464130
706244
561146
705392
701091
552999
701405
699445
2016412
690548
486071
687826
542213
489446
706950
536156
484396
2026643
1275339
689304
487928
472045
483541
575343
484287
540771
535544
1252797
533543
506782
490846
514042
482260
532615
515698
533933
2609894
2023469
1283018
1175712
556283
473994
526354
566199
479561
479198
478071
1495022
1520172
1522203
1519244
1520844
1519563
1519030
1524958
1526384
525719
504000
505057
527034
1267154
1274369
1279233
1255175
1273287
1272502
498677
477301
518970
290030
569077
6697077
468902
456172
712374
515012
554318
563524
696743
702417
706483
465291
474324
497610
571476
464993
501978
560154
480562
462377
561313
462169
538560
578072
693598
688696
697135
701347
704363
698003
687700
702072
696262
533008
697889
628175
561679
510347
145964
2411585
1861454
1852915
2112571
1849796
2111277
1864750
2014927
2021093
2012702
2021116
2014022
2027667
2016764
2021343
2016422
2026979
2013225
2027276
2014779
2013986
2027109
2021188
577901
548652
3553478
523523
1517060
2016334
577384
1496153
536206
1495797
2019309
512566
2013727
535806
1497543
1503772
2020221
1540356
2019951
479411
1498087
1496511
2014624
1493197
1486910
2126123
2015306
2022572
2181133
3839982
3430443
6241325
2158020
2163055
2176401
3895088
2149645
3435038
2162994
2147756
2160774
2078025
7289886
2057897
6943474
3441575
2162733
3361025
2171586
2208305
2154219
3441684
2153778
3883214
2168305
1020641
1000543
2165159
2173911
2169736
2171216
3440714
2164206
2177671
2155742
2171085
3861824
2162662
2156927
995202
2167050
2172153
2160063
940909
6943556
2173605
1017780
3458147
982899
980921
3453535
933726
2077895
3471393
6354929
7262440
5495380
6051123
5920450
6165719
6176823
5991370
6150174
5978683
6138495
6122037
5923101
6138374
6137702
6076211
6137631
6945991
5897209
6945989
7535681
7535692
7302644
6137270
6354895
6166142
6122085
6085772
6173331
6111632
6078447
5911606
6098642
7281936
6111529
6144054
5887048
5933070
5946820
5946768
964420
3453639
933186
2065594
3353715
2060436
3352593
882100
3934707
2064735
158876
155334
3573650
3645213
1259434
1268189
1609350
3600328
1608057
2455290
2446796
3495694
3515302
3530139
1257896
6354970
2521692
1860112
1790100
2467783
2263491
1864572
1849299
1848087
1168197
5301442
1851426
1857334
4190542
1850034
5322400
1851717
1855416
1854902
1856057
146268
1861602
1855380
1861449
1861864
1859642
1862599
1855503
1852502
1851604
1907125
2563232
2563191
6822108
1854022
1852347
2112232
2513509
2110959
2525593
2523619
2524179
2523850
2524205
251280
2521694
260172
262135
257365
262752
257302
2525729
257811
2524070
2523630
2525597
262609
2524170
2511102
2518559
2523738
252190
2518505
265560
2512177
2271140
4270936
2525473
2524084
2519880
2524844
5445194
2524352
315985
2111834
258576
3181670
616417
3125144
3116157
3165084
735563
3165851
3118155
3117735
3170350
736638
736083
735764
734077
3170027
736450
2129211
4902065
734924
735861
3164219
3166056
5106014
734330
735640
733840
5160041
3106492
6534279
3120619ES
3128760
3110921
3176885
734880
3122912
3108286
3118514
3108681
3128978
3172074
3110983
3114531
3123688
3176772
4905572
3126373
3170590
3113236
3118532
3106313
2130452
3127850
3109642
3106090
3118228
3165381
2990919
3109453
3127224
3109041
3028652
5260694
2995469
4853059
3118304
3108534
3038493
3170798
3170321
3176959
3183147
3173008
3172828
3000329
3028322
3167373
5763011
3179523
3181832
3174649
3179830
3166228
3164988
3169670
5237056
5819881
673382
3182244
5769489
5821593
3176467
5272776
5027765
3168239
3169522
3177090
3180496
3168350
3176130
3171058
3164154
4991613
3174922
6535371
3174638
5039857
3177841
3164527
3169447
3177845
3177651
3178671
668828
3025668
683844
3172495
6534247
6535580
6534454
3183316
667268
3172067
3174543
3179390
3199523
3181207
2659748
3195281
686254
2972774
2975410
3203611
3177263
6534732
3181913
674826
3044062
3049885
2781023
2660177
670889
2971553
701822
675810
2770885
2760610
2657915
2764958
2981512
2831088
2661604
2847639
665850
2658432
665382
2763795
2873291
669289
2896530
2822083
2766692
2779378
2820752
2843636
2867714
2768348
2871601
2917221
2761369
2932924
3058210
2781017
2948246
2865376
2881885
3019372
2881857
2865341
2899880
2975525
2876462
2854840
3206285
2996148
3078610
2909313
3063196
2972811
2910935
2839335
2929863
2896468
2953402
2859772
2925550
3068797
2905457
763534
3065379CZ
770293
3064919
2933019
3062811
2869908
2913598
2937591
3068927
5947708
773380
3067696
2929134
3029030
2858738
766332
3031380
3030799
3038731
2638698
2906843
2939710
3037520
758252
758445
3062439
3096576
769250
2759350
757886
3020686
2792856
2647240
2808559
2649322
2633993
3083788
2917816
2636716
2655627
760778
762199
2635150
6690806
767814
2639583
2653256
7303225
2647108
6690591
3093133
2849548
2827990
2758326
2751285
2888047
2745912
2652941
6301921
2641591
2961120
2636749
2809919
2753801
770706
2836746
2885657
2649568
2813660
2634010
2950159
2848756
2965768
2647242
2634493
3101675
2654141
2634375
2642204
6620310
6691248
2648405
3098218
2962361
2637435
3101672
2952633
2965471
2637958
2655459
764312
2867527
2650517
2894899
5925024
2652676
6173220
6050066
2618415
2702979
588335
3162955
2717884
3145375
2718245
6691859
3147474
3145580
3415496
647741
5870294
3157781
5983607
5870441
3167269
3164185
3164175
3177952
566891
546606
520318
553778
524311
495394
520068
580227
580167
473247
693805
488839
536219
713154
706466
831130
98463
504341
1262995
1270171
1488754
3450909
1259229
294666
1260086
562625
540776
466806
528293
543731
498698
2121874
1512236
2013159
4718711
7260215
6111704
5126521
5935277
7535690
6943827
7602078
5586496
5896522
6067747
6093347
5962582
3470127
3353811
933366
890422
3469058
1635882
3676623
1640344
186301
198629
191245
3674654
3396016
3674740
215771
2234359
3665900
3671519
2220957
2325330
1716771
2224827
1679432
1729933
1151933
2419533
1717512
2229798
3668605
2454268
1151074
2339937
1264527
2455518
2451778
1614295
1712813
1690086
2453348
2455216
3530597
1153669
105343
1266128
1809858
292968
108410
289813
109435
2513798
1172451
358448
2643812
1138336
1886760
1858421
2113164
1139715
1790630
90150
5550192
1145352
1863945
1854383
1147540
4491651
1850147
1846986
1797929
4106689
2517816
2514169
2111258
2521886
325363
1849053
2513709
2518794
298333
2522208
303195
4759735
320392
2525068
320995
2510253
4383513
2523920
308464
5417561
303290
304827
5422191
2516255
4377664
305268
325303
2510919
2523023
309647
2511930
322165
4503289
4910663
3124408
750598
743952
3108126
5937615
3111108
259973
3165828
4868205
740264
743882
3170196
4905006
4920512
3115233
2513562
3181628
3120514
3105976
3116653
3114965
3119172
3174112
3110880
1854083
3176854
3124002
5000873
5267785
3114711
3129329
5596475
3108606
5036062
4979261
3178957
5767918
5026291
5226534
3181928
5036727
5264475
5038018
3166018
5043556
3164565
5042561
5266230
3173369
3175627
5046026
5000625
5038252
3165185
3168429
722437
721592
673150
2766824
3053281
2842688
2871964
5058868
2869120
2877550
2831948
3057630
3061186
723846
3068293
3068830
2948825
2956656
3068160
2903806
2829758
3070325
2836320
3074967
3210390
3074110
2784199
2935022
2651048
2934246
2855745
2750630
2828105
2960964
2638717
2804313
3310247
2963436
2960936
2962029
6179602
2693678
2619068
2615006
2708365
2663536
2686657
2676176
2673730
6138201
3134070
6185377
650859
2676224
5858289
655194
2671530
2702997
652590
508606
2335727
508101
2068079
2803560
3573374
2140691
2150660
2146142
3456283
3127978
2645442
265500
3013361
3164383
3177363
2809517
2066052
3428071
3859512
3111199
3129857
256223
2637853
2510301
3113082
2184155
2979783
2869791
4566447
2510279
3178738
2958376
3182734
3180991
4272558
678688
2928810
2149475
6058560
2633373
2644993
2922102
2658216
265488
2644577
726320
730919
3109718
2813464
2654728
2511420
3094086
2510580
673807
3175840
2646828
4588936
2986220
3107775
2649963
6144312
3128201
2640526
2512127
2164149
4951699
2915128
2996905
2640559
2638878
2177756
2825108
2757991
2989460
2643186
2929872
2913972
2818766
2160297
6944112
2651930
2740313
2755204
3182164
2949012
2960970
2638027
5964700
971421
2982757
2062338
349340EG
1007311
2994043
2822100
1167718
1261913
3172768
2861402
7669012
5798318
2751738
2515708
2986795
6535757
3165576
2867160
3352844
2653279
1847966
6095645
3117814
3012649
2634573
3061734
2519466
3044760
3023107
785082
3182153
6535071
6534790
2841590
2463679
1258847
2644726
2665902
3168865
3463605
3178521
2636928
5895650
2643198
2619771
6232082
2975785
5942845
2642974
3621184
3623369
1727993
2653346
3571824
2964472
3020810
2509929
2640045
6077243
6138610
2525041
2509841
2163355
4564133
2800816
3169700
2633808
2067260
3168616
2804642
3188225
2643071
2755030
2647198
2653290
6535581
2658714
3985604
2653715
3003391
3134865
2657859
2169956
2526435
3065684
2655664
3415212
2164129
2897557
5989045
665087
2857565
7536148
6094578
3166350
2654634
3179297
5993072
2636531
3123981
3177140
3164630
2637487
5970234
2890420
2744483
2637087
3181018
2985849
2810136
2637111
3179323
2924802
2163237
3182399
2990392
2270184
3017512
2634617
4939693
2651324
2749812
2883236
3171366
6535134
2759633
3038555
2150163
3121519
3531673
1858756
2510245
2955822
2921242
3175058
4098161
2206068
3130492
2744042
2647261
3174380
5894171
2522259
7932651
2636049
2919880
2658504
2641555
2635937
2649210
2648372
1273909
2834129
6693245
2943320
4456121
255524
5884467
6544881
2189529
2644559
2076378
2651311
2658986
2813344
2853200
3209953
3471910
2748533
2866087
2145214
3854895
2661228
3166182
3182221
3162651
2266961
6183141
6173864
2736930
3126888
2638600
3165647
3166989
3530103
3688689
3117164
7288344
2647461
2656947
2645163
5955815
2851746
2510764
2651561
3582672
2749164
3842670
2657896
2658007CH
2652877
2180995
2641599
2647644
6535097
2155472
3077920
3016078
2759706
2871045
643153
3165524
2976695
3129877
5964304
3491948
3510969
2634755
2161311
3036903
2756139
2634032
3178619
8050879
3181102
2895913
2748729
3177828
2748371
2754692
2654668
3038142
736694
2652617
2988063
2655785
2516395
5926268
2069646
3131093
2511329ES
2747034
3168913
786714
3471039
2759016
2635703
733905
2512825
251833
2511388
2525448
3179837
2638019
5749213
2650628
2754659
2984741
2513167
3176405
2755485
2756644
3031582
2939819
2756865
2652997
3119027
2748413
8131396
2660038
2515692
6941548
2758838
3051516
2755358
2650732
2059589
2521964
2510911
2756569
770157
5830007
2951825
5943865
671768
3169984
2660999
3107418
2932382
2782043
3178125
2757872
6620355
2910167
606086
2747182
2612629
616743
711621
2759621
1693778
6118158
2633708
726890
2639912
3174254
3102679
5918021
3165365
5440516
2658377
2058430
6137633
2651181
3132208
2643029
5101873
2746609
3105184
2646073
3646738
2519240
2649715
3180940
2637546
2941173
2828871
2990463
2635022
2646658
2758462
2646355
6354969
1013550
2745321
2753011
3616234
3580661
2205979
2208292
2207809
2642214
2755619
2643116
3650121
2647497
3112989
2650122
3195506
2510394
3448439
2158744
2158504
2871990
2079692
3168255
2743856
3116553
294074
5755890
2633709
5445479
3145080
2642313
2636408
2647655
2646525
2651852
3170316
6087701
5051594
2791494
2513416
3179382
2656792
620181
2518949
2523872
764241
2997556
2992978
2754656
6695204
2264009
1265169
3008665
6535867
3168858
6325521
2984759
2750624
3063546
2751424
3130616
2825297
2927043
736357
2511064
680332
2659700
2963398
2154445
2808406
2918840
2145110
3131189
3179674
2634387
2880861
2753686
2669772
5884083
3013619
2163137
3652764
3177808
4390914
2072096
2074700
2981953
2652861
3174621
6180961
650166
7281805
2612274
3119779
2523241
2759899
6053154
2744118
2156671
2749182
6534256
2942093
2747312
2510488
2156694
8131587
2745973
2757345
3143244
653880
6615542
2792165
3171457
2637034
2643064
2175974
2655777
3088161
4174252
2977214
3012417
3104324
2643339
2930726
2128558
2923253
2562266
2826670
2750947
683506
2517618
3176504
2968254
3128030
981158
1668341
681290
631758
3120616
7262861
148730
2511032
2640729
3174051
3181259
2881062
2660351
2173099
6534761
5219003
2070998
2644411
4717232
3582805
3583361
2521215
254698
2633858
2986991
2013348
554234
501183
463830
511565
519062
472757
1490003
1490624
493702
485432
539817
558236
472459
1508943
1502026
2022890
1510853
527191
484646
553915
1488458
490065
1496990
1503901
1497337
471101
545788
472761
2123628
532675
524305
569223
478317
535121
480060
510808
517716
1538637
1489425
2119441
569696
554840
563464
542461
473249
2013952
487495
1493870
514734
536200
532288
569154
481350
857690
2017945
2025339
553287
1498894
1498920
522594
534595
1491159
1511736
1500997
498687
471430
1512165
2019528
2026895
1488414
470546
1489474
567290
532096
484907
497218
543605
529073
2051523
1499668
569955
1498693
1500973
463343
533690
496285
545736
511794
542133
1489246
489271
476077
563708
1494091
2018882
547523
582432
1493467
1506271
498703
548408
521118
561347
524712
550671
580497
795140
540103
500303
487372
1511330
2027456
504042
496519
2026609
1536289
496015
1490085
537737
548114
479933
499133
2124615
2124286
2014718
487147
557469
2013258
1496476
2025489
1493648
2122894
829005
1490796
1504382
520494
2026303
1493577
579492
2025159
463082
484972
579460
553099
570427
2122614
504576
2018553
556318
483019
581357
1508291
472777
536518
502738
546105
580724
515582
498525
462822
2127154
563514
501283
2018116
553190
548605
526558
539283
2021851
518682
572525
548395
483137
513883
548625
577881
1492893
468082
525404
499292
2023058
2017912
2125945
2120530
501215
2121126
523198
504294
827329
2017838
555980
562237
1499053
554791
1504682
513911
1507379
1498067
472278
522942
1503037
491281
1538636
582182
543633
576697
548740
567774
1491291
495518
2027968
468899
1498456
1510469
1496503
1489530
1504489
2055815
561627
496246
580054
516215
472328
546230
542327
505599
1498129
472433
2020812
538836
571306
1491230
535886
2013399
1485439
580783
517963
500004
479532
473166
579529
575457
579514
567990
556230
578740
463637
1505453
1487922
1497549
1488465
1489962
1487939
478757
463340
2119932
577206
577576
548478
483684
505806
473762
569359
580420
518383
516256
470444
575560
558885
1485357
1506422
551964
522260
866057
2055822
575948
548330
1491719
1511381
1487112
554599
491023
565892
522810
533651
2015352
1502091
538582
1492663
2121367
580716
2027749
2026696
2025579
2122605
568608
583041
1502061
1490281
502011
541947
1509888
1498389
1508161
1490551
1503082
583798
498418
1512205
580660
491079
557882
2016443
1502750
472234
547840
523426
1485627
533143
515267
469005
1539210
579132
547875
559752
539147
567434
516576
538046
522742
520041
548333
490068
524414
1489907
1540475
514966
461964
542464
567589
2026126
563354
1492401
570563
580048
485888
497534
568797
1489853
1505495
2016910
542841
2019199
471188
490437
569144
489162
1508054
858712
484826
2020313
560285
567047
539284
498877
1507116
496802
495112
490172
2027740
551667
470083
1492252
538340
462444
519106
505395
551986
485660
1494573
475777
1511494
470676
478704
572500
2014573
2013337
530849
535417
541950
479704
2020591
472231
1493162
583578
2016701
566751
542184
1489870
500060
510171
480089
493160
576317
578120
1511466
527717
1505074
1495480
1490140
522312
554397
507977
518909
543460
545277
2121385
2014833
1510689
495770
477192
495670
485698
1507488
566532
545626
461910
556961
470666
469178
496278
548391
566363
503453
568785
504409
479028
522803
472750
485964
504798
495260
560281
495062
491538
481964
1493687
546672
2120048
509278
477656
545782
502400
2015455
542000
1487277
1489125
1497795
1509897
566854
1492517
567006
569360
462984
498537
499987
537158
519336
489088
1497654
1486984
461720
581585
466989
522799
1504636
525659
581989
503374
518236
2122104
1503931
484122
521931
2015051
2020095
493184
1486039
1502280
489495
566969
464708
493463
480851
542429
483898
539640
532637
527220
1509902
1500933
1501925
1505946
569122
1492637
507318
475619
2022564
513898
497094
529343
577551
1504251
1497095
559242
500350
578326
496275
542199
1503169
504875
531820
471323
496267
1486298
492708
518976
572070
1484871
1505584
1497780
611182
549191
2020841
2013442
500299
1504769
2121052
1505260
1505526
1503335
501265
563481
541747
462467
518701
565357
465543
563681
509697
462203
466990
514968
470212
1495626
1508879
473778
501296
530480
549741
1501365
1494111
465632
1509844
1504343
1500607
462792
1497276
1500426
1508589
1485634
547891
561515
519447
556483
490391
535505
512053
551847
511785
488847
1495144
509826
583785
2119538
1500665
562878
501730
470845
2609906
522508
479140
516710
1488429
517111
1538641
496478
534841
470530
2126682
518845
1505965
517836
548390
551439
2018498
580922
481608
452949
472494
2021618
584126
563472
547475
556951
555624
1494114
561999
492712
1507239
544370
1485445
1487281
528109
1502862
545978
573338
2026583
1491267
584308
1488933
576260
543508
867006
582993
515921
490276
1502536
1511428
582775
1501402
1510203
534423
481605
564878
488593
1489057
1488931
509437
1497393
1510454
566384
1504317
496012
553216
2027468
521814
579432
471760
582956
563822
535695
2013362
795243
463828
509392
1509847
572154
523392
509234
1511783
569579
540251
513051
1508715
476417
2024800
1508350
1488937
2012626
1507565
557060
481985
1500609
535839
538558
539385
2016187
516073
492162
2012593
535229
503548
496957
562389
541235
469809
1504139
496035
534015
513329
554776
584441
503878
548747
1485724
538442
2015608
534701
505230
557710
527529
802714
2012780
2118647
514739
2609901
1502822
1495974
1508811
489158
1488272
1510916
2020121
1503277
545575
564654
584471
547831
499717
520473
552312
537107
582750
557628
583983
571155
523583
520667
479071
481941
477629
504269
519630
492376
538696
1538634
473998
2026861
481036
501320
1510041
491480
2015701
566181
514706
580850
502540
2020838
554233
544397
513378
470368
527740
2015833
830844
1503726
497450
548392
542463
1489394
1505933
568012
567902
538508
1499350
470653
584059
802078
488852
576590
511287
463835
573471
524681
1505991
539555
1498402
1485286
548410
824070
505270
554894
485699
517269
568595
513042
1488253
578091
1511304
828218
492112
1499428
558312
2122574
829032
1511309
2022083
521776
555984
522775
1487074
539794
2016708
553399
539689
1491360
579574
486048
1497951
499727
2122389
2120612
2122262
2120591
581186
553518
2028078
563395
584279
579266
1493110
2122493
514259
561762
569934
495562
517921
2126199
575364
548658
485639
526357
523859
522410
580182
531426
1490256
580218
558118
1508138
581179
582533
486186
475881
551794
570455
465726
2025099
516647
2022289
577450
1485997
2020734
2017487
541404
542776
558066
538138
525280
578152
1488708
579738
570990
2023782
1493224
482042
463144
514198
468657
496561
502793
578638
478565
523662
512817
516400
463824
501579
488635
519611
461699
468991
472428
543133
468560
474821
538368
473788
579496
492944
1507636
1491999
2026777
2018735
1486321
506763
529709
1536757
2055166
2017452
505259
2020013
2019819
554410
575728
482443
2013392
550949
553248
558418
2013865
2127282
478689
482390
566635
1511368
1487882
1491953
1501141
1495586
575410
532895
502078
525138
566243
478544
547591
577403
550478
529195
552951
2017215
695019
584051
497242
1506073
1507059
522301
552920
463217
579760
516615
561437
1502526
1489508
551736
528137
561504
497547
554692
472271
2025261
484670
2017705
2120864
512570
570479
1501356
1510690
520574
527370
582423
567109
2120334
2015646
568464
478581
1490042
554535
570508
1490266
581126
2017824
478079
515083
545001
470905
486834
2121373
477418
529387
508034
543436
1508802
495918
547681
518912
1501795
568587
499099
2021644
2012646
2027142
551145
474462
1512019
490750
491019
527869
2025917
2014078
1491525
464790
552924
478130
475938
577856
462008
575591
473522
518764
527581
544904
552558
561698
552887
516588
826558
487444
1501803
2013894
2019488
2027296
505014
1504871
517303
532706
561501
2027806
480410
552953
2013918
517947
965301
964349
1018725
993800
946877
933000
933773
2437732
2440485
2396518
1040652
2507480
946058
2298890
2294915
2306104
2491191
2485926
2464470
2530335
2537406
2553604
2540483
2561668
2542051
2528910
2542997
361058
184745
2228079
2232593
2232239
2235189
2244616
2253354
878549
890299
3352136
2332459
2322794
909137
949224
944385
161325
965289
934985
939270
1053507
2326171
2544571
2460596
2475687
2482572
2501152
2506999
2505572
2479536
2240449
2464915
2472774
2468579
2467454
2473449
361320
2243940
2249782
2251084
934154
2488835
2505530
2232283
934570
946973
3369157
971534
1020098
958724
1015621
160263
931755
152224
149606
933959
933945
3359638
1005125
347497
2558470
2541479
2357048
2294877
354365
187968
359493
957655
2212775
184622
932505
989921
2339354
2343279
2337639
2487134
350550
2377450
4724129
4726491
4943926
5127335
5445298
4886716
5853965
4156601
4251413
4295251
4405434
4398730
5344157
5551665
5367788
5353181
4329654
4862034
4548267
4135004
4700168
4705191
4880731
4626286
5392229
4889553
4901015
4456593
5322553
5097006
4314388
5000598
5751253
4125027
4390485
5751600
4235193
4239867
4256085
4095392
4733103
4145959
5392263
5268838
5118261
4254010
5688789
5087559
4935038
5777915
4927854
5273614
4314969
4990797
5134235
5109694
2652618
4692559
2857943
4543627
5392323
3901178
3911925
4323900
4739799
5265515
5245497
4698562
5518239
5350821
5573443
4373719
4544383
4539726
4561542
4542179
4529096
4249286
5412230
4955635
4893171
5274787
4270945
4988215
5168025
4532493
4544272
5053526
4188377
4088628
5011428
5225631
4953804
4641630
5392114
5545269
4849051
4859430
4252975
4682066
4419654
5439284
4157193
4631291
4235683
5174897
4526790
5519648
4922472
4878643
4898433
4972220
4921476
5137421
4247060
4563382
4538346
4714865
4713866
4690218
4346466
4917707
4241822
4463523
4873371
5739936
5384438
4993321
5043608
4232862
4904996
4554800
4920041
4313572
6094817
5029570
4901944
5291033
5090347
5112771
5578235
107968
110336
101628
104515
578313
577922
527012
521316
470252
1489597
489021
547849
579728
2122850
1494456
478050
1506260
1485721
562245
1511057
1490686
520552
1502257
523405
580426
1487784
521123
1500335
584104
2025527
2023226
2019912
2028028
542212
520065
563719
2121198
1491535
570021
568184
2019892
1485312
577908
464290
1498887
2023350
542571
579384
516197
557657
539537
1498399
509113
509052
2016977
516935
525262
494925
565857
578659
2018571
532292
1501255
518540
539369
489862
492592
4031742
1486261
572520
563618
565885
490067
554199
522353
490554
563300
2027596
518619
1510502
569639
488859
466258
550512
470762
2012557
538104
485313
569540
556575
477626
1502422
582105
547927
1503879
2027373
488785
496610
483883
561731
576172
1511954
559654
2013332
1487394
464625
500678
502185
1504972
6696767
541337
2022064
1500532
6695754
535438
535605
515098
516875
2047258
1540711
6696686
511002
527579
489102
2025630
797411
484034
1487933
2015310
863061
2012938
468063
566155
565778
1538635
470734
575349
7117885
501405
501774
500589
554482
551438
553884
552006
532715
528495
504915
831129
518488
516931
522902
497927
498866
468307
467978
468390
480876
556275
1546102
2174003
2158177
2165798
2147714
2146268
2063523
2157995
2208290
2174360
7302259
2153483
2172111
2170852
2172797
2160625
2165087
2177091
2169868
2156340
2074113
2171707
2165478
2160493
2207611
6693769
2153494
2172686
2148627
2158839
2207880
2147336
2158626
2172710
2148928
2066041
2173323
2157373
2152681
2173741
2154787
2175411
2061418
2159851
2206089
2144168
2174467
2205628
2142245
2171507
2160922
2208286
2151437
2176187
2147892
2058682
2156825
2167869
2060886
2176373
2207796
2207783
2142750
2070212
2071601
2174400
2160517
2156643
2068594
2060898
2171948
2158130
2164422
2169535
2158538
2176081
2170577
2146108
2207598
2071059
2176096
2178174
2065740
2156813
2207822
2164837
2162419
2205983
2078904
2173125
2168943
2205631
2160560
2153471
2160258
2206008
2071223
2063191
2174444
2160114
2068655
2208285
2077963
2176088
2158151
2076752
2170253
2144764
2157495
2152361
2208303
2068823
2067119
2157090
2145135
2157698
2144528
2168807
2161715
2167799
2164025
2057277
2162683
2147497
2205969
2156034
2065665
2154796
2077641
2172125
2160386
2207912
2075720
2078313
2160477
2160053
2065176
7932620
2208302
2145875
2150615
2176632
2207817
2166368
7932654
2077729
2207748
2172303
2151776
2153467
2162856
2157109
2167882
2157161
2144502
2177233
2079695
2161658
2160499
2161776
2158562
2068661
2078894
2168556
2142316
2154544
2206007
2078909
2077030
2149349
2143069
2160336
2172832
2164691
2160744
2206003
2172106
2205970
2070830
2161072
2165303
2172311
2151522
2207616
2155542
2078304
2077937
2155796
2205999
2059689
2167879
2077935
2148507
2059124
2060951
2158220
2175819
2157331
2165025
2063030
2077454
2171722
2158767
2152329
2143285
2142747
2075432
2173445
2163837
2075807
2165947
2070571
2149128
2170456
2176313
2144604
2167817
2152286
2075024
2160523
2167263
2164771
2148431
2156934
2158651
2154913
2068856
2063031
2066954
2160070
6621335
2142447
2073603
2160299
2075988
2206000
2176071
6943551
2172349
2164457
2171069
2176225
2156933
2147914
2157355
2070009
2066756
2060604
2074329
2156049
2207762
2169068
2206066
2160519
2205847
2160113
2155415
2070711
2161309
2160910
2165718
2144581
2147344
2150060
2146997
2155862
2145929
2142951
2164972
6695266
2154849
2167949
2147381
2207620
2064768
2162255
2146013
2170089
2206108
2165828
2070884
2163895
2155772
2206116
2164966
2162737
2066981
2171845
2169314
2079686
2161376
2163731
2063036
2152667
2160937
2078908
2068110
2150126
2077719
2177069
2174563
2163701
2066472
2155416
2076699
2151187
2171596
2155783
2162281
2169220
2164855
2062459
2073643
2174933
2078451
2073528
2067565
2170139
2167312
2165326
2159654
2144053
2169990
2167183
2176090
2206082
2060785
2158561
2170540
2145361
2177541
2173248
2170260
2145554
2070106
2063056
2154656
2145461
2061224
2151924
2152653
2169113
2059263
2167280
2165403
2160413
2156777
2156345
2060771
2174190
2163641
2064915
2067086
2065602
2064550
2075230
2070332
2163270
2169423
2066957
2161602
2206004
2070216
2152071
2170430
2176639
2062013
2063817
2175403
2176124
2174615
2155392
2057575
2078907
2155412
2064340
2155731
2070423
2068569
2078912
2151886
2165225
2166675
2175872
2069375
2208304
2177413
2170841
2066679
2170880
2205987
2079183
2155092
2073985
2172453
2068734
2075462
2149673
2155750
2067760
2152240
2163256
2151650
2175341
2158874
2154537
2059362
2075806
2169928
2206601
2061039
2143003
2167699
2168112
2155858
2059047
2165596
2176066
2156298
2143180
2156069
2064510
2154672
2074526
2160735
2159194
2067070
2170534
2164352
2169237
2063293
2171465
2157272
2145005
2169056
2075008
2170013
2205971
2153391
2157652
2176087
2170697
2161335
2158867
2207821
2161608
2160232
2164451
2165229
2143099
2072677
2145392
2155386
2159018
2153259
2162052
2165796
2057904
2162025
2066608
2159683
2072924
2143440
2167943
2161678
2160880
2207330
2061758
2155710
2070633
2058325
2175338
2065078
2076842
2154447
2175553
2159185
2176537
2176829
2073140
2076944
2174979
2077579
2061769
2160751
2066358
2075795
2151215
2067621
2146992
2144209
2063051
2079696
2177872
2062276
6951440
2174079
2148997
2157060
2142902
2059372
7281807
2146219
6620339
2152668
2148955
2207753
2207259
2206112
2174436
2063055
2154826
2066653
1735634
1732903
1735902
1734634
1738050
1732905
1733782
1736309
1734199
1734586
1737486
1734781
1833747
1838524
1846918
1835329
1842943
1833105
1841245
1843491
1846052
1838716
1841811
1846266
1832828
1845604
1845136
1842485
1839071
1897122
1845759
1841775
1832771
1842616
1846069
1842025
1841066
1846898
1845457
1832157
1836553
1897007
1843137
1835648
1841149
1837706
1835895
1839652
1843702
1842939
1840211
1832566
1842518
1832384
1841598
1840379
1844751
1843841
1840536
1841603
1948005
1842859
1835515
1842800
1834885
1843163
1839873
1838069
2038180
1815286
1814906
1799962
1799397
1812545
1805753
1792947
2034937
1804651
2037013
1791247
1814087
2038120
1784642
1790923
1797873
1787227
1787093
1815456
1809498
1804430
2036502
2038632
1785294
2037346
2038300
2037823
1793724
1805298
2038154
1812101
1810821
1799722
1797333
1805987
1816971
1788572
1799869
1809078
1801792
1805528
1805953
1785018
1804586
1806535
1808722
1797353
1529102
1280737
1791681
1809461
1803834
1787746
1786764
1816440
1790437
1800779
1817993
1798449
1807681
1803567
1795874
1788694
1797595
1785286
1810845
1807700
1799629
1814757
1808370
1791673
1786657
1784853
1806299
1806776
1807689
1529195
1799491
2036581
1798422
1804540
2036389
2035715
2034655
2035265
1785453
1815059
1808316
1783873
1788046
1798827
1798998
1797264
2033413
1812955
1816336
1793505
2033196
1788450
2035966
2037078
1529569
1788852
1796663
1785781
1806097
1797318
1802171
1816234
1814934
1805518
1804208
1784130
1808198
1804591
1811720
1785738
1785036
2034754
1797121
1785725
1806408
1797945
1784820
1803331
1798760
1280957
1817240
1279945
1808770
1801934
1805733
1815427
2034439
1805540
1790254
1813344
1529484
2037886
1280849
1814093
1809263
1791636
1808857
1792520
2038569
1788508
1794904
1788927
1790840
2036892
1783683
1787858
1805680
1798654
1789647
1795196
1789065
1790396
1807544
2036973
1804850
1797551
1816269
1816705
1815395
1793879
1806466
2036986
1805611
1816080
1817968
1816373
1790371
2038067
1811542
1808392
2034786
2035601
1783988
1784841
1805741
1801582
2034400
2037370
1804578
2038139
1798473
2033675
2035801
2037534
2035511
1804609
1787646
1798636
1792592
1791249
2033147
2035261
1795816
1802550
2036653
1529376
1797438
1529114
1529363
1785974
1798713
1815656
1915223
2038432
2037860
1798490
1529660
2035836
1786746
1793511
1788081
1809532
2033536
2034657
1784055
1785964
2034497
1853909
1848354
2111749
1859740
1859171
1863431
1863967
1859924
1894616
1855431
2113015
1864154
1856215
2111220
2113077
1856717
1864624
1857910
2112923
1858729
1856697
1848254
1849876
1854629
1863289
1907300
1864518
1850158
1862415
1860234
1850910
1855891
1863641
1853574
2110891
2110556
1864092
2128295
1860437
1859884
1863905
1850693
1853195
1860704
1848004
1849837
1849846
1907299
1865387
1848489
1865714
1848313
2111149
1848373
2130658
1857550
1856177
1860095
1851100
2128815
1855863
2129376
2129101
1849892
1849563
1855580
1857276
1854487
1859100
1848903
1865005
2130188
1852607
1859730
1850311
1859146
1857594
1856586
1860243
1848689
1857496
1860063
1861677
1849183
1860748
1849904
1852899
1861464
1852479
1862555
1864416
2130629
1854665
1861084
1861212
1851348
2111684
1853190
2127733
1857968
1848277
1860034
1856293
1861949
1850185
1862627
1857871
1849429
1859393
1850345
1860098
1849519
1850152
1856775
2112656
1926020
1850499
1851032
1853483
1858311
1859307
1861968
1858296
1858910
1858088
1848445
2112539
1856243
1854703
1850091
2111781
2130534
1859175
1853066
1859675
1848573
1861107
1855078
1847968
1907301
2130421
2110560
1859094
2128574
1855189
1860871
1861095
1849831
1859492
1858926
1896348
1857519
1848188
1852357
1859908
2129537
1857568
2129163
1848439
1856367
2111884
1850523
2110498
1861528
1859765
2110735
1856068
1861400
1853140
1850600
1863611
1851155
1849661
1861835
1859405
1864180
1862540
1850746
1852595
2129218
1859116
2110774
1852964
1858964
1855395
2110729
1863173
2112444
1853081
2110480
1851883
1856977
1858445
1850708
1863082
1852472
1848774
1854747
1863310
1847963
1851002
1857665
1854444
1861207
1854384
1858866
1849788
1851137
1860341
1855095
1851259
2128787
2110744
1864549
1862636
1857062
1907165
1854905
1853662
2110994
2111310
2112823
1851125
1852663
1849782
1850860
1849094
1860626
2111008
1862462
1861436
2110506
2128983
2112758
1907307
2130332
1856434
1851282
2111827
1856199
1862010
1897590
1854093
1865401
1857208
1858041
1854849
2111016
1859088
1860635
1853008
1863482
2110460
1854405
1848096
1856569
1850396
1855670
2112141
1847947
1860785
1863693
2110629
1855753
1860672
2111248
1853338
1863418
1854979
2129870
1851368
1849539
2111836
1852588
1857712
1851273
1855134
2111831
2112664
2112455
1862992
1849237
2112576
2112343
2112555
1856881
2112989
1863440
1863341
1861838
1850818
1863917
1863023
2112802
1851307
1850892
1849845
1858428
1853237
1865309
1853992
1862505
1864873
1852003
2130146
1862198
1849592
1860563
2127896
1864105
1863209
2111018
2130057
1858902
1858972
1858498
1859952
2128975
2130705
1848550
1859319
1859234
1857843
2127515
1851483
1857553
1853564
1854492
1862373
1851713
1856938
1856667
1850207
1859998
2111687
2111049
1863183
1907123
1858067
1864009
1850589
1857379
1860458
2131612
1852849
1856184
1849186
2111704
1850217
1862689
1864637
1853295
1864031
1855363
1865294
2127878
1864132
1863495
1854868
1862352
1850559
2112527
2129003
1864099
1856703
1851193
1856878
1863540
1852901
1854371
1860728
2111999
2111855
1848243
2129909
1852984
1860735
1865290
1907306
1860122
1854807
1849706
1850181
2127955
2111461
2110793
1856560
1861749
1853174
2112008
2111943
1863357
1854018
2129961
1864652
2110579
2110586
2110596
1848016
2130404
1848482
1850745
1862230
1926054
2112409
2111065
1852046
1858301
1863521
2128867
2111656
1853209
1850472
1863018
1851504
2130741
2130612
1850004
2111530
2128382
1850108
1864945
1862612
2111173
2127802
1863592
2127383
2129395
2110518
1855203
1851606
1863528
1854186
1849584
1854162
1856584
1849372
1854530
1854774
1854026
1851068
1848113
1853192
1849498
1858794
1865412
1848522
1861641
2128072
1859093
1855852
1861450
1863713
1861290
2111559
2111325
1848705
1854803
1926006
2113115
1853677
1926055
1863541
1850498
1859941
1851462
1861108
2127545
1895695
1865449
1857046
2112913
1850878
1849069
2129868
1853433
1861584
1849729
1269843
1254661
1269743
1274746
1268782
1265873
1262180
1269439
1271308
1269633
1253573
1256237
1254360
1272892
1268295
1263780
1274220
1272013
1256515
1262321
1271715
1264521
1265911
1257845
1275841
1253184
1272140
1270498
1252942
1256436
1262374
1259425
1260607
1271476
1269321
1267648
1276533
1269920
1259385
1254710
1263214
1261529
1270396
1278149
1270022
1270583
1254361
1254089
1256523
1279228
1254649
1278974
1279105
1270239
1258526
1264728
1257055
1263814
1254187
1261288
1270668
1269317
1275817
1278710
1259091
1279290
1266976
1279017
1258182
1276032
1271976
1275198
1269006
1275637
1252948
1269771
1267708
1264115
1272145
1266285
1258980
1258744
1270351
1255953
1259297
1274987
1258338
1277397
1264588
1278994
1259012
1260138
1254900
1253914
1275971
1272780
1278860
1254327
1254808
1253286
1257629
1269935
1277936
1254331
1263826
1272543
1276509
1278946
1265014
1278672
1275899
1259503
1275716
1269300
1278985
1277013
1261731
1263862
1267616
1266135
1275665
1270711
1273802
1253952
1277264
1272513
1256451
1262771
1271883
1258044
1266049
1274337
1256693
1276191
1257416
1274056
1270448
1272051
1267076
1279344
1257431
1261045
1258932
1253084
1261258
1259896
1258740
1254589
1277091
1273800
1260016
1273467
1263230
1254348
1275812
1260671
1264154
1262260
1268159
1259184
1268977
1268561
1269873
1276388
1269939
1269910
1269388
1255046
1256421
1253079
1260173
1266366
1263997
1255633
1270603
1273313
1258128
1254657
1254388
1270996
1262330
1272979
1267635
1275738
1255647
1266122
1256525
1274848
1262039
1269751
1273780
1276988
1272552
1270927
1259592
1254054
1273618
1265683
1256388
1273083
1265157
1274824
1277599
1270994
1264637
1279335
1272832
1258599
1276058
1267579
1269723
1266305
1256259
1259009
1274256
1255955
1270164
1278294
1273712
1276948
1278405
1265859
1270216
1266616
1272657
1278593
1256949
1259163
1279396
1259395
1257806
1255437
1271850
1260045
1276300
1274714
1267336
1265863
1264543
1271942
1277643
1277907
1260341
1276325
1258637
1273265
1277508
1253993
1265451
1275701
1266014
1268680
1255969
1256104
1253237
1264540
1264555
1255491
1254046
1259756
1255763
1269477
1276736
1253628
1268327
1276023
1261580
1274533
1269581
1263967
1263852
1267091
1273865
1276867
1267283
1274984
1264385
1262412
1258455
1277084
1264292
1268403
1270237
1668399
6949678
1819729
1117652
1606147
1152473
1150007
1152633
1604870
1150965
1606030
1608048
1610780
1605245
1560037
1566083
1581326
1583992
1587923
1586203
1562414
1581298
1568770
1571968
1586896
1568510
1584071
1568574
1566166
1580830
1560349
1574023
1563926
1586443
1573517
1587976
1576633
1586185
1580240
1575627
1571058
1578500
1562548
1581047
1582886
2996944
2992166
3027763
2972315
2998324
3037854
3019459
2973783
2990970
3018339
2989317
3033123
2994393
2969679
3022530
2980916
3024635
3014728
2973385
2973579
3025053
3024643
3034640
2990969
3015419
3037656
2973495
2987914
2994144
3029241
3027422
2972328
2986495
3002585
3005866
2978640
2984192
3012165
2986140
3030101
3003603
2984114
3006787
2986729
2977921
2991214
2997620
3036364
3037051
2983362
2995642
2998286
3034475
3007874
3032213
3038230
3024297
3034006
2982681
2968819
3027746
2992229
3018074
2992090
3027453
2981280
3035681
2986585
2972857
3012621
2990474
2992638
3019960
2976697
3020839
2984513
3006414
3022826
2971549
3035843
3035667
2993358
2998517
3017609
2976050
3026204
2969958
3019193
3017253
2972742
3035654
2975588
3009443
3020062
3036016
3038634
3023672
3037598
3027699
3037095
2994068
3034126
3032340
3028838
2984701
3001617
3016956
2996444
3033391
2986302
3021382
2997110
3023379
3038261
2996180
3026613
3014392
2967972
2974733
2990264
2975408
2978758
3006161
3036596
2969562
3038354
3019441
2970092
3030057
3028296
3032797
3012647
2984699
3024534
2974644
3032639
2991630
2983276
2986071
3025892
3021993
2969392
2991775
3037059
2989569
3005769
2970237
2987967
2985290
2986611
2979679
2992292
3029995
2991877
3028580
3016903
2972633
3012912
2996291
2987256
2970148
3037689
2988542
3006283
3020850
3033881
3012049
2987003
3020307
3023955
3035418
2990767
3028745
2999446
3007729
3034649
3029302
2991481
3011123
3036054
2968515
3028608
2997712
3029799
2971773
3023056
3021859
2991699
3033666
3013173
2968072
2989445
2991546
3034024
2995404
3013091
2994150
2983221
2968496
3010626
3026303
2990780
3027207
2973393
2986678
2993028
2970110
3021609
2988670
3037245
2993024
3031180
3036418
2972350
3003859
3024102
3018778
2971890
3016274
3038611
3031389
2972468
3035639
2967203
3029974
2972270
3022988
2986066
2971286
2984799
3022751
2996564
3032496
3018174
2975314
3032556
2983489
2978742
2975273
3038735
2991957
2993830
2973338
2994497
3024267
3007842
2983891
3021301
3035719
3024090
3027484
3024086
3027235
2986768
3010201
2975683
3032767
3029041
3007461
3029090
2987986
2997996
2969599
2982967
2990140
2974324
3016711
3026145
2972467
3019423
3028437
2973795
3031667
3020358
3012713
3014080
3025132
3025809
2990331
3022977
2986313
2999185
2983050
2971336
3029265
3022947
2978589
3022799
3027200
2971377
3037253
3028868
3003067
2986660
2997325
3028537
3007730
3010908
3038466
3005360
3022641
2987981
2989785
2991258
2983696
3021193
2993331
3014084
3028028
2967803
3031164
2974162
2995339
2967234
3016764
2973457
3014078
3032668
2992744
2967710
3034911
3016177
2975850
2995699
2970033
2973182
2992771
2987370
3032629
2985999
2995192
3026276
3030405
2986601
2996921
2998639
2993779
3030120
3021933
2988548
3037368
2999139
3019248
3036256
2996006
2980603
3025033
3014175
3016113
3024322
3013069
3028440
3021543
2982338
3012848
2972339
3038505
2999260
3000072
2996251
3013877
3028387
3022177
3034458
3010882
3032331
2973949
2980107
2976007
2968529
3022569
3026194
3017219
2979010
2981077
2978072
2967856
2994481
3009494
3017921
2976847
3006801
3005825
2980816
3006767
2988358
2977845
3016702
2980236
3016726
3024979
2979985
3021670
2977648
2982029
2979983
3001176
2968626
2981172
3028653
2968620
2982876
3015126
3028690
2984965
2998124
3026053
2980317
2993781
2998097
3036326
2983487
2989430
2996764
2993843
3012712
2968325
3023953
3012593
2998362
3037186
3027653
3022509
3037813
2998644
3027487
2980029
2973918
3018694
2990263
3030534
3026298
2972555
3026222
2979119
3012903
3029987
2971357
3008719
2976444
2977631
3019699
3012636
3033500
3028600
2986191
2970826
2980933
2985983
3022498
3026969
2988017
3028343
2981673
2968419
3026208
2970606
3034153
2976600
2979931
2981251
2969401
3019212
3023309
2986219
3026286
2979657
3020620
2985318
2984417
2985073
2967252
2980898
2986376
3020688
3022679
2971641
2973297
3020164
2976021
2973355
2997185
2969388
3034802
2978749
3017727
2979812
3037502
2976195
2970828
2981117
3024681
2980836
3016820
2979880
2990908
2977655
2986286
3030902
2994070
3029970
2978394
2977193
3020722
2978079
3023951
2998187
2997204
2993208
2992132
2972644
2974821
3036633
2987936
3029012
3012623
3012962
3032008
2977229
2977126
3029044
3016406
3009086
2985137
2992084
3034800
3035727
3020887
3033272
3018275
3029967
2980519
2997711
2979790
3005401
3026008
3034691
2986593
2986710
2987863
2972427
3004935
2997079
3026224
3024358
3026268
2981579
2993061
2989417
2970685
2969365
2980392
2979001
3007508
3012155
3032452
2985475
2977390
2993308
2979796
2986136
2993753
2978344
2979885
2974235
3023947
3007885
2989525
2994868
2976820
3019716
3024111
2976548
2983485
2979780
3036495
2979772
3030442
2978782
2981018
2969506
3022964
3013433
2968569
3008080
2999296
2976284
2979531
2970287
2977250
2979791
2978726
2967201
2985937
3033968
3027758
3009496
3036081
2977774
3027988
2976701
2978017
2976608
2977007
3012778
2970080
3036822
3007691
3028575
3025602
3036646
2973897
2968935
3009481
3019584
3031137
3026227
2990576
3004774
2985455
2973392
3036655
2977462
3003017
2998150
3007101
2994193
2980742
3009486
3035812
3009490
2969750
3002836
3023301
2974146
3009484
2984664
3173435
3169070
3172394
3175936
3166598
3182749
3177700
2524907
3165926
3180445
3166387
3177337
3172629
3172656
3168673
3175081
3166706
2522713
3167096
3171168
3176746
3182714
3181554
3165243
3166548
3165201
3173845
3172297
3179684
3170622
3166601
6534253
3174659
3168843
3173529
3165197
3171173
3175687
3177300
3172980
2525755
3166740
3182722
2524393
3164419
3170147
3182297
3174494
3165072
3173314
3164028
3169561
3169272
3169361
3182043
3170504
3178197
3182210
3174096
2524881
3177102
3178796
3166236
3175445
3178283
3169921
3182636
3167104
3179162
3181995
3175173
2524618
3173370
3180749
3181528
3176560
2524606
3176203
2524819
3176923
2524237
3164920
3177532
3173721
3175773
3170778
3180172
3169742
3175860
3180850
2525772
3171986
3182966
3177610
3183364
3172154
3176983
3175678
2524085
3177219
3172718
3175537
3180208
3177009
3178617
2524929
2524076
2525083
3173326
2525362
3175384
3163995
2524410
3168703
3177120
3170116
3169412
3182340
3172996
3172979
3168414
3182625
3166917
2523890
3179447
3169526
3181550
2523557
3177400
3177315
3170694
3172170
3178019
3175177
3165698
2522718
3166866
3165475
3177617
3166509
3179249
3183587
3165612
3179347
3173153
3178131
3178085
3180580
2524119
3167751
3163962
3178605
3173577
3173162
3167034
3164376
3180563
3178587
3181066
3172557
3175521
3183466
3178087
3180916
3170086
3168599
3172379
3182697
3164782
3165370
3166013
3179235
3169713
3182633
3182635
3174032
3166813
3166262
3165052
3183063
3176739
3182059
3182878
3177650
3172240
3166426
3180133
2524245
3167116
3170744
3172173
3178956
3172499
3170487
3174092
3179794
3176322
3178263
3169015
3172508
2523864
3179440
3179697
3182640
3181569
3172973
3177125
3176976
2522960
3177019
3181140
3174463
3167122
3165624
2525498
3166409
2524155
3167062
3179675
3175775
3181094
3175693
3180177
3170069
3173615
3172756
3175960
3173870
3177451
2523866
3178829
3166638
3176299
3166595
3168514
3182133
3171886
3173160
3180871
3168764
2523192
2523679
3171212
2525350
3182897
3169056
3174567
2524009
2523796
3176177
2522857
2523113
3176259
3173103
2525512
3180601
3167731
2524979
2525053
3165923
3170335
2525480
3166826
3171152
2523641
3173317
3172168
3172598
2522997
3173857
3166356
3168633
3171523
3173480
3164396
2524367
2523513
2524020
3181903
2523362
3175833
2523533
3166424
2522952
2524010
3183318
2523762
3171148
3174641
3177171
3181760
2522930
3168320
3177881
3166695
3166096
3171576
3179419
3173664
3171728
2523998
2525746
3176603
3172720
3168784
3171985
3178285IT
2523612
3179485
3182937
2525433
3173074
3167793
3170172
3181779
3176605
3164924
6534275
3171471
3180874
3177438
3178999
3180428
3170218IT
3178595
3173110
3174896
3168221
3179659
3179024
3179656
3172946
3168627
3182057
2523217
3169072
3181164
3176090
3177685
3176097
3175163
3171171
3164794
3178245
3169324
3182500
3164709
3165842
2524815
3179655
2525769
3176333
3181380
3165165
2525425
2522865
2524656
3172886
3179216
2522696
2524883
3164530
3178968
3179337
2523749
3181680
2523569
2522990
3178141
3182490
2522958
3165356
3165191
2525010
3181267
3165120
3181056
3166398
3167044
2523585
2524976
2525038
3176818
2524022
3169128
3170352
3170837
2524928
2523925
2525423
3170718
2524758
6457398
2525616
3166571
3176919
3165083
2525714
3171814
2523816
3177204
3168813
2524918
2524800
3181091
3170801
3181754
3166180
3167520
2523333
3182317
3167097
3179749
3178062
3176204
2524557
3164603
3182357
3182461
3172735
3168222
3165198
3164241
3168550IT
3179479
3170341
3178709
3167239
3168388IT
3167184
3167561IT
3179661
3168231
3173758
2525095
3168209
3179687
3167996
3167186
3170075
3179218
3179418
3168389
3173126
3165783
3167304
3165030
3172967
3163830
3183299
3171586
3168498
3168521
2524072
3164533
3182484
2525749
3168344
2523589
3172760
3178169
3171619
6534227
2522757
2523665
3170752
3172747
2525385
3172282
3168258
3172753
3180192
3172651
292672
292223
292913
292878
2688368
2692969
2715953
2706767
2687700
2711537
2696329
602150
2666199
2680075
2686162
2664996
2694762
2664454
604490
605155
2725471
2702261
2686469
2720501
2662881
2685750
2701715
2667876
2697861
606834
2715459
605859
2679302
2680662
2688250
2690170
2664203
2701223
2687902
2701727
2700800
2697720
2698767
2669118
2712045
2725372
2669113
2724958
2692349
2676215
2694503
2692633
2717824
2679107
603761
2706184
1516905
610529
1520240
1526273
1526269
1524325
1518262
1519422
1526021
1520885
1519922
1526970
1521315
1516601
1517501
1516589
1519948
1521370
1516438
609404
1520381
1518518
1523605
1524298
1537939
1525798
1520316
1517945
1519928
610611
1516789
1518296
1522751
1526038
1519938
609906
1524801
1524478
1523741
609919
1524296
608915
1521230
1524302
1517637
1520327
610298
1519673
1519580
608324
1518543
1526193
1520969
1524606
1520253
1519226
1521368
1518139
1525014
1519934
1525490
1519843
1522642
1517136
1519924
1525650
1524227
1522605
1518266
1518980
609953
1519935
608629
1516788
1526619
1526055
1524889
1516527
1523768
1516634
609915
1526041
610091
608271
1521079
609454
1524243
1518511
1524871
1519516
1521351
1525988
1521762
1519691
609977
1518936
1522035
1525850
1522818
608778
610612
1518945
1520627
1525376
610416
1519725
1519275
1522862
1537980
1525462
1518542
1521677
2267057
2738014
2267067
2271772
2264526
2268406
2267095
2270503
2270649
2268339
2732649
2265169
2732265
2264299
2271985
2262963
2262540
2266977
2739788
2734140
2270377
2735083
2741551
2735088
2272091
2737639
2271071
2266703
2265223
2739636
2265472
2264575
2263352
2736391
2737042
2732978
2737393
2734215
2271337
2263480
2263326
2740519
2269514
2734484
2741985
2737150
2737184
2272147
2262644
2732438
2739080
2272222
2269496
2264923
2742565
2271841
2271947
2737268
2742681
2266411
2742024
2269041
2266319
2270437
2739286
2262926
2741724
2265788
2733533
2263586
2733601
2272189
2738038
2741266
2739034
2736792
2261673
2261740
2264359
2732404
2270770
2737651
2732312
2742868
2738159
2264357
2272143
2271438
2263596
2264718
2738360
2737769
2271975
2736316
2743407
2264644
2266974
2264527
2262867
2271623
2737669
2739285
2735377
2738082
2271473
2732965
2740159
2266702
2742827
2264736
2269282
2271542
2743076
2271970
2734028
2739566
2734032
2742757
2263458
2266272
2265120
2734069
2262544
2262865
2264538
2263322
2271354
2739333
2742309
2265841
2263923
2733812
2733628
2737064
2262478
2734473
2740992
2740593
2733941
2742702
2272379
2268437
2741728
2735116
2265914
2739153
2268250
2269142
2740221
2737810
2270385
2737936
2735012
2270266
736928
255971
252664
261414
255683
260114
261779
258620
259289
261604
265533
400666
261507
252601
264559
255229
255293
735927
735914
736364
261601
734517
260989
265187
253394
256429
254352
736229
736151
252910
260133
733776
256866
257859
735736
734726
734426
255721
261814
253759
260891
263166
259245
264396
258066
256632
262628
257395
252854
256558
256637
254865
736166
262104
260935
258175
736754
251823
734868
736447
252166
258463
262418
256639
110690
107304
107312
108927
107797
105072
108435
109223
105299
106281
110107
2651513
2654675
2634677
2651485
2636841
2636910
2638926
2653941
2654710
2637891
2650752
2641689
2655562
2656719
2644487
2650967
2646253
2644100
2637142
2641430
2651123
2655984
2650225
2654187
2640101
2645826
2637126
2655524
2655613
2656046
2641731
2633352
2641557
2634739
2644668
2652002
2643490
2641598
6698331
2655138
2646458
2641157
2647632
2633842
2638664
2653822
2634451
2643567
2636534
2654264
2636616
2656235
2637330
2640354
2639018
2639409
2645753
2636177
2646435
2643003
2652586
2634869
2636066
2654092
2644531
2653192
2645093
2653755
2646393
2657060
2651831
2635412
2645724
2636486
2653266
2654410
2654755
2638324
2644652
2656241
2647400
2656194
2647044
2645889
2639272
2657471
2656406
2647948
2647570
2646867
2651101
2656039
2653775
2645721
2641843
2641546
2653232
2650128
2650096
2638911
2653075
2643027
2640358
2654412
2634715
2647074
2651386
2640377
2636484
2656284
2646274
2648272
2638235
2656168
2655273
2638946
2647101
2640967
2633337
2642534
2635427
2642992
2653584
2638035
2633729
2646613
2643697
2649207
2646411
2640972
2655642
2654817
2641910
2654730
2639563
2642135
2634825
2642902
2636995
2651983
2643314
2646472
2657293
2649258
2652417
2656169
2648559
2645365
2641581
2640312
2634135
2651498
2644849
2655583
2650776
2633651
2656847
2644642
2643553
2656402
2648875
2647662
2642999
2643312
2639083
2657397
2650802
2643144
2637833
2654200
2654269
2645486
2644444
2655210
2654394
2648004
2644081
2646384
2646862
2649955
2643853
2649198
2656615
2654186
2655692
2653224
2638853
2647957
2648370
2646941
2634234
2645660
2636963
2652648
2643016
2636769
2643096
2638248
2639436
2648396
2655117
2640106
2636940
2637350
2649403
2640192
2637124
2657845
2640109
2618425
2610613
2624652
2620425
2622447
2621927
2615876
2621956
2621945
2622383
2624439
6174041
6141256
5992500
5967629
6183858
5913490
6173508
5887916
5941925
6325494
6169141
6146143
5920288
6138517
6137063
6100069
6058024
5882799
6146279
6051562
5964347
5886182
6059891
5907896
6066513
6119109
6094325
6545023
6077251
6101645
5907364
6092122
5928065
5925975
5955895
6073363
6179226
6077265
6077315
6091104
6159905
5903510
5990579
6141190
6089426
5951036
6173801
6071618
6093010
6174151
6101141
6149996
5882873
6113365
6944113
6082231
6177869
6166739
6049429
6090785
6122078
5977783
6111867
6122091
5969785
6180550
6035615
5975503
5914653
6180285
5892532
5955948
5931800
6115187
6074882
6183204
6145668
6696259
6159980
6094407
6184365
6159244
6172998
6113335
6071971
5913695
5935804
6157536
6125653
5965546
6091422
5927969
5907990
6145489
6100832
6149374
5942547
5975038
6086673
6168326
5918118
6121621
5914132
5975004
5905616
5894164
5973108
6179138
6163012
6107325
5992830
6064180
5920433
6138175
5909294
6157977
6138121
5965812
5906267
6354897
5898138
6065262
6945986
6077445
5931074
5924579
6101546
5887214
7303786
5937612
5914826
5983175
6098747
6119448
6696260
6050650
6942553
6534203
5924500
5890542
6050263
6085960
6103581
5917117
6066350
5907092
5935341
6185607
6165406
6086871
6093514
5978765
6137733
6162949
6165875
6109273
5911745
5930890
6182212
6945979
5917158
5992059
6160919
6119518
6089404
6078112
5978404
6160603
5938513
6145890
6087579
6002133
5927024
5940956
6179652
6095416
5932311
5896549
6156102
5888001
6065867
5949563
6088132
6032673
5889745
5989403
6159232
6154383
6182959
6139289
5970301
6067959
6024829
6088469
5992836
5961417
5983626
5952370
5909514
6176393
6111696
5975034
5939210
6160362
6325479
6944109
5992154
6065592
6160070
6176226
6071421
6127749
6174457
5887798
6138310
5949568
6137540
5882142
5962442
6028050
6138501
5899017
6113027
5887470
6050416
6166224
5964401
6145887
6055388
5947866
5949493
5888716
6048316
5976783
5959326
5972762
6049863
5896495
6078636
5899982
6047817
6089179
5984000
6060839
6116548
6100799
5924618
6137696
5951644
6094884
5884588
6690232
6158357
6117611
6122288
5920089
6173750
6295855
5902458
6085892
6104876
6176821
5916821
6112608
6325572
6151264
6104329
6325529
5931427
5922281
6154202
6062069
5939236
5908723
6182958
5991148
5970458
5964230
6156244
6067472
6155721
5905152
6138914
6137462
6052583
6077128
6064704
6050194
6174335
6173017
6104221
6076690
5899061
5961564
7535694
6137947
5905393
6167254
6122374
5913601
6156307
5955891
6117675
6104841
5923125
5955960
6155033
5958590
6172009
5915098
6157355
6078359
5955902
6074099
6113463
5933885
5917275
6138719
6053446
6943488
5967157
6072350
5920381
5948770
6147353
5938801
6173635
6160806
5909969
5885280
5917688
5902599
5924417
5882534
7535693
5970018
6125862
4959834
7731836
5978126
6943825
6943826
6094665
5945016
5966689
6167817
6064202
6696258
5906229
5937252
5921147
5952330
6127950
6113828
5896969
5884260
5991907
5972291
7669018
5905132
6158023
6058415
5921060
6325486
6128577
4964627
7302647
5955797
6098924
6137539
6113198
5906690
3981609
4006702
3995465
4013708
4008303
3991164
3523349
3514783
3992619
4014338
4005539
4005937
3994489
4012406
3985129
3988086
3526700
3526683
3515428
3522507
3521081
4011743
3531732
3815415
3998655
3995523
3996472
4019233
3979844
3514785
3532497
3982729
3515807
3522790
3518280
6692163
3515431
4005270
3517517
3518723
4017758
3530240
3981461
4013726
3986172
3520339
3530757
3988214
3526621
3530517
3981254
3523466
4000900
4014875
3996322
4012176
3996069
3522926
3526485
3516355
3981345
3520875
4005492
3991328
3526603
3983671
4018390
3992212
3514031
3991043
4014553
3981984
4017992
3522307
3522210
4004330
3529986
4003908
3526957
3979802
4018582
3532193
3516109
3523303
3529612
4013704
3531200
4013706
3521051
3513966
3515696
3522804
3988050
3515042
4018348
3515001
3514163
3515068
3523011
3984717
3530589
3515715
4018904
3522445
3529982
3516266
3531023
3997479
3988333
3995343
3526923
3531416
4013714
3526467
3979673
3514876
4004885
3982266
3523222
3515062
3515904
4013487
3532792
3980605
3530569
3533005
4007684
4002224
3531576
3521108
3995647
3518692
3530167
3981885
3985241
3827341
3526682
3514433
3998858
3981981
3981165
3516050
3517524
3984079
3827586
3982034
3980194
4013130
3996595
3988462
3983764
4012341
4006163
4016132
3514437
3527879
3526657
3980180
4005870
3988327
3996234
4013724
4003757
3519530
3516035
3515691
3523908
4005775
3515794
4004555
3514519
3530870
3986984
4015076
3526617
3526599
3532821
4019085
3520319
3526993
3532197
3521825
4005219
3516926
3517669
3526798
3526989
3987538
3983058
3516685
3520271
3527021
3991930
3523791
3526473
3529886
3522855
3514321
3515195
3515343
3515438
3532530
3522505
3518475
4019054
3526611
3982367
3522732
4018127
3985912
3515064
3515942
3530040
3531321
3515853
3515782
3515870
3516271
3522795
3515603
3531434
3521922
3521344
3526056
3531391
3532569
3516188
3516813
3533486
3815329
3515877
3515330
3519290
3515420
3518542
3815326
3526952
3526591
3524374
3516973
4012685
3521628
3532969
3514843
3522836
3818786
3532975
3515386
3530907
3532414
3514044
3529932
3514906
3532964
3522880
3527023
3532655
3517285
3519255
3532656
3529510
3516948
3515086
3517281
3516923
3529915
3762771
3519228
3514027
3515484
3526357
3517251
3530168
3801225
3522347
3521833
3532565
3529911
3526714
3522923
3520064
3529980
3530369
3526674
3532658
3518129
3801596
3523450
3514162
3518140
3514148
3517742
3531010
3515735
3518352
3518543
3815447
3518611
3530908
3515902
3526992
3531782
3815363
3526708
3516919
3516642
3515399
3531784
3815324
3519289
3522444
3533483
3514026
3530617
3522164
3530871
3526966
3526855
3515938
3531168
3527920
3514349
3517659
3532182
3515202
3527543
3530385
3815525
3522865
3523794
3526908
3515956
3526453
3522156
3521912
3523828
3523183
3522845
3522350
3516526
3516499
3532925
3520020
3530836
3532779
3516439
3516210
3516511
3532856
3516149
3532254
3522731
3530248
3513969
3523686
3827588
3515463
3526864
3515570
3515643
3532951
3514398
3533020
3516225
3523247
3515767
3515811
3526458
3530259
3515384
3532899
3515921
3761664
3532603
3515415
3514021
3526536
3827274
3517228
3514409
3531798
3515679
3827219
3517733
3532617
3525570
3515900
3516060
3530886
3532813
3515321
3532627
3761012
3515887
3515909
3533428
3515351
3518617
3515751
3515505
3533389
3521103
3532548
3515459
3532803
3521074
3522265
3517225
3827476
3515044
3515827
3530932
3523034
3528601
3514583
3992842
3529994
3530066
4010311
3518461
3515567
3522886
3522924
3529650
3515026
3516078
3515521
3515512
3522328
3531406
3822702
3531793
3516017
3522514
3516425
3532326
3531177
3530775
3531892
3987500
4005867
3977811
3524348
3994667
4019869
3993126
4004867
3995142
3983312
3993335
3985327
3996271
3995010
4023117
3521941
3514868
3483197
4005856
4008080
4018597
4013579
3982616
4009697
3981365
3982217
3983216
3984437
4015040
4004274
3982028
3981362
4011119
4000524
3980198
3979727
3982461
3982065
4006380
4017957
4017199
3984444
4001947
3985168
3981369
4003810
3996336
4012905
3984791
3986165
4017990
3976999
4017987
3980756
4018403
4012721
4019827
3986088
3983641
3985344
3526646
4018404
4018835
4013094
3516236
3985878
4004092
3980174
4001301
4003662
4001597
4007554
4019042
3981483
4004026
4018400
4019152
4001956
3982007
4013085
3987544
3979983
3999162
4004161
3988361
3980622
3993179
3994674
3981517
3982548
3982377
4015566
4018128
3982693
4004126
4013045
4015546
4019807
3985323
4012045
4004153
3985865
3999056
4016086
3996585
3988651
4011755
4003618
4014603
3982887
3994939
3992327
3527454
3516385
3528894
3530582
3984074
3981652
3526601
3996387
3980186
3522302
3987309
3983630
3980201
3991110
4000821
4013966
4003923
4011703
4014420
3988258
3981516
4012466
4014450
4004394
3993519
3982364
3980782
4004887
3991347
4015700
4019260
4004399
4005143
4006806
3994616
4004647
4006388
3981432
4002745
4012173
3995017
4000490
4013076
3995652
4019727
3976775
4019219
3979855
3980777
3981466
3522364
3526877
3817354
4018320
3514678
3988421
4004148
3523756
3526696
3527596
3762770
3514008
3530176
3514326
3532639
3516912
3518135MX
3520926
3994216
3815451
3988392
3993926
3527164
3983805
3992986
4006622
4009984
3981391
4017728
3991219
3521334
3531042
3982121
3523513
3530056
3523670
3523397
4008868
4010897
4014740
4004331
3531865
4006532
3988648
4003703
3526816
3529672
3529654
3526662
3532602
3516006
3532526
3530123
3529609
3516522
4012194
3526698
3532560
3523127
4002462
3980828
3523180
3523900
3522617
3995789
3518414
3979846
3979856
3515991
3527149
3533393
3994535
3519570
3823818
4018100
4017743
3516019
3980621
3815389
3981462
3519644
3979923
3816739
3526953
3530513
3518651
3532881
3527748
3517241
3517797
3514272
3521207
3526625
3514051
3521476
3514916
3523745
3517254
3530267
3515442
3515479
3523590
3529437
3815362
3533036
3514007
3529989
3532577
3516614
3533269
3522279
3514972
3521574
3527017
3514278
3515993
3518377
3533037
3531598
3518221
3516480MX
3519227
3514043
3515690
3526928
3526355
3515665
3526284
3532465
3527092
4015022
3483393
3985573
4004267
3982269
4010273
3986082
3979819
3994164
3980175
4004618
3988251
3981944
3998291
4004690
4013568
3980149
4018700
3980125
3992154
4003270
3825948
3515332
4021449
3533376
3530177
3515799
3520877
3530362
3995146
3995155
4012699
3518889
3521424
3522130
4019039
3515504
4018648
3822745
3979510
3515796
3516347
4005857
3515496
3533058
3815453
3515011
3518403
3815299
3517915
3530175
3514684
3516818
3521951
3981464
3827260
3516030
3514414
3994607
3993455
4024263
4018430
4013131
3995943
3992405
3979706
3530097
4018584
3515510
3514138
3817731
4012143
4009465
3982168
3483063
3517832
3532930
3515333
3514998
3516127
3527656
3516651
3984997
3531118
3533426
3516056
3533079
3515397
3529981
3523141
3520026
3517937
3530935
3524744
3514450
3515373
3514675
3526600
3526838
4012593
3522973
3980798
4004275
4017924
4013669
4013136
4018380
3984690
4014296
4016722
4004688
4019819
3514929
3520120
3519410
3822029
3984340
3993457
3522781
3517426
3526934
3515762
3815419
4004293
3531904
3524527
3530492
3526883
3527639
3995050
3526564
4016485
3991567
3980169
4011873
3991547
3991350
3976324
3533475
4012842
3531574
3527880
3530264
3516076
3522251
4006081
4001610
3514179
3522468
4003211
3982837
3523415
3531632
3514134
3532636
3516376
3531006
3520274
3516974
3529689
3530580
4018109
3983636
3515946
3533432
3522186
3527006
3515876
4014501
3530948
3516148
3532597
3514961
4019098
3986862
3515290
3526584
3533466
3982567
3983820
3523078
4004529
3516212
3516125
4013593
3516563
3514685
3519537
3526323
4019089
3987310
3818938
3530144
3522788
3532545
4006804
3523412
3521607
3515763
3526681
3530295
4017144
3522439
3515600
3516982
3984571
3992857
3525158
3514277
3526588
3521596
3996956
4017152
3520922
3516252
3515487
3530046
3521411
3530913
3530150
3516098
3518387
4014109
3518722MX
3522013
3533491
3827406
3514510
3516066
4001240
3985913
3982401
4012957
3980161
3530032
3514663
3522777
3515401
3987923
3827408
3520427
3522696
3818819
3521305
3527065
3985019
3980390
3998287
3524391
3531790
4018761
3523240
3825174
3514686
3531172
3980192
3531398
3515477
4012344
3517831
3521070
3987224
3514518
4004738
4014409
3980152
3530564
3529669
3530778
4012607
3527679
3516031
3981145
3980123
4004170
3516936
3526488
3515710
3827306
3992599
3526769
3521283
3994863
3995490
3991218
4014842
3518905
4018543
3531889
3979505
3530584
3523619
3987245
3827537
3532989
3520161
3529660
3532824
3530494
3996647
4006337
3526711
3520874
3523559
4012707
3522293
3515184
3522531
3993155
4004850
3516049
3816721
3981505
3991148
3981791
3991246
4005864
3524292
3530759
3827416
3986090
3526808
3526486
3518117MX
3979216
4001056
3827566
3980172
3988265
4565033
4568490
4566687
4563003
4566402
2924347
2925533
2871983
2892794
2886242
2950344
2809138
2925177
2842884
2936186
2920512
2935220
2814670
2918632
2911522
2875376
2940938
2935517
2875392
2933799
2829657
2875601
2850174
2953339
2946366
2941405
2815559
2837291
2950438
2946447
2873891
2876009
2937040
2944388
2838634
2867838
2853969
2953504
2870094
2844756
2919625
2912621
2817311
2805753
2852458
2907911
2861650
2804895
2919177
2938465
2879241
2950294
2867138
2810678
2849483
2882563
2867543
2818067
2814775
2857458
2834265
2895992
2910831
2864058
2853463
2920020
2813383
2924894
2880144
2833564
2905891
2954172
2829457
2920997
2813308
2945024
2955272
2938784
2884509
2906268
2934691
2881279
2921466
2809984
2896768
2855047
2824841
2928963
2907669
2881485
2941283
2874545
2905496
2849802
2807465
2806768
2872686
2892518
2921039
2891524
2861733
2853924
2846722
2906464
2817105
2885679
2929670
2895669
2929567
2834498
2921314
2938323
2819568
2826909
2808148
2938913
2909240
2821164
2950978
2806654
2815076
2890155
2959083
2948652
2807363
2886946
2930182
2913366
2927268
2925259
2891205
2859147
2895636
2917833
3274966
2834226
2917698
2918037
2848215
2862620
2875881
2941501
2898494
2895044
2841648
2911739
2857472
2907851
2891832
2938253
2950349
2953385
2948164
2812502
2958802
2874225
2902951
2949803
2809346
2904795
2864118
2879299
2938540
2873263
2918752
2883754
2953416
2847736
2910278
2820456
2857904
2891122
2899449
2826595
2834372
2929600
3272460
2913761
2945730
2833242
2885408
2865716
2875457
2955471
2930080
2862026
2926271
2828050
2959927
2860410
2863685
2833296
2873632
2899601
2953436DE
2831083
2866758
2879929
2873759
2824801
2835421
2942634
2823141
2947739
2951654
2944368
2821416
2871486
2928615
2952406
2863014
2945358DE
2844588
2911271
2920994
2893237
2871675
2928874
2872155
2813040
2836089
2811644
2881500
2949511
2904992
2948290
2951124
2807846
2821736
2947444
2891742
2933882
2864276
2902533
2817599
2855794
2953386
2871813
2842647
2888411
2937959
2876218
2922582
2849156
2803884
2852101
2930695
2849913
2904808
2878313
2959686
2858763
2949014
2919054
2878133
2877088
2945756
2847442
2945542
2847669
2926178
2887736
2871079
2881980
2892786
2907585
2847645
2928381
2944079
2906676
2852144
2869894
2811292
2813216
2923305
2915372
2930030
2931574
2891643
2811278
2878695
2848245
2896514
2818097
2940132
2940213
2933959
2924803
2927054
2917540
2910302
2821254
2851782
2890659
2858326
2809191
2817724
2920478
2934728
2877648
2874028
2926120
2831486
2853209
2953347
2885536
2911007
2805761
2921656
2821878
2933945
2925910
2883151
2954006
2896546
2842632
2836203
2880077
2942087
2875343
2931414
2891640
2938391
2875909
2857807
3274259
2953439
2823590
2830582
2871736
2817904
2886008
2887835
2820973
2840086
2804034
2953395
2923362
2817324
2946111
2879367
2935453
2861814
2834955
2890278
2892080
2827574
2953336
2922230
2878840
2946228
2817674
2872375
2956710
2875815
2906595
2896261
2933246
2830080
2929865
2871668
2916611
2832495
2814853
2955159
2876865
2877021
2861422
2872126
2906331
2895630
2835537
2864869
2932882
2810716
2850942
2807184
7284171
2958533
2953089
2874230
2867198
2864820
2806142
2812626
2951843
2906121
2949669
2947421
2905954
2834611
2867436
2872028
2930596
2953552
2820190
2814851
2930623
2892874
2859380
2913713
2807240
2917412
2871039
2856816
2907201
2873289
2940512
2810808
2866135
2853907
2826287
2920236
2927048
2841693
2823567
2872582
2839195
2832013
2876952
2904886
2871437
2939945
2867310
2931804
2831924
2881646
2881477
2920896
2817576
2898004
2958141
2955394
2951206
2810612
2833076
2948147
2906194
2821779
2866280
2920645
2844062
2955421
2838459
2924585
2956715
2890381
2938376
2898316
2850887
2953507
2810919
2908032
2838059
2863046
2958535
2861116
2812174
2871535
2821157
2920834
2812482
2852939
2890328
2873369
2823504
2864005
2944200
2810855
2924915
2905826
2936267
2841333
2954602
2890158
2861934
2829790
2864435
2803798
2892648
2831091
2929831
2815651
2825422
2905929
2957773
2922511
2851077
2924837
2811837
2809837
2850995
2930449
2928761
2804008
2834240
2847654
2905604
2911408
2842861
2894375
2891834
2859675
2895213
2890322
2850257
2918911
2809889
2884878
2928396
2824902
2821802
2880672
2840070
2860049
2906199
2836413
2953540
2817537
2936705
2899478
2866906
2895569
2855416
2936985
2893762
2823257
2844265
2829804
2827955
2888751
2921034
2879713
2832332
2815137
2838671
2933345
2870304
2905070
2830035
2957681
2926670
2938813
2955940
2870355
2945545
2906634
2835013
2954932
2820693
2853574
2914929
2853930
2911463
2850056
2828737
2898603
2890504
2939995
2936977
2953549
2940231
2909230
2925192
2904789
2918288
2863953
2953371
2849371
2805385
2956206
2861804
2906514
2875831
2920757
2884050
2951793
2872173
2861690
2893438
2921473
2930821
2857129
2858906
2948503
2922342
2872486
2866753
2845222
2820087
2858999
2945726
2906088
2885237
2885764
2820407
2902852
2926716
2846523
2808893
2899676
2931361
2810587
3336891
2940381
2874200
2804646
2824284
2912351
2842644
2847690
3272458
2824461
2891750
2936658
2810395
2861914
2882087
2817704
2862485
2936787
2881972
2804748
2922008
2949229
2905293
2868506
2853162
2863223
2806342
2821807
2806339
2826082
2851079
2933922
2941179
2808619
2928890
2952252
2925832
2888053
2867164
2896477
2931911
2930383
2886446
2910048
2900825
2808143
2871225
2853065
2891951
2928862
2912921
2865086DE
2815392
2842824
2893023
2852218
2925038
2818754
2919146
2857798
2869306
2805762
2856930
2823398
2803476
2946291
2890327
2935825
2896538
2922571
2950073
2855665
2875877
2857967
2853180
2817065
2910275
2832043
2881175
2878350
2934466
2923325
2869936
3337504
2921566
2894962
2953317
2812568
2847524
2870318
2806799
2856500
2855441
2823836
2928967
2834416
2839674
2806501
2834629
2818184
2864616
2869244
2849198
2921388
2855824
2893264
2950096
2803870
2938284
2954088
2876147
2817812
2814131
2816761
2862118
2854179
2953313
2873301
2858964
2839044
2839229
2909915
2831403
2807440
2947092
2955009
2859739
3208130
2825180
2921309
2837652
2950620
2894394
2921707
2862785
2944354
2910269
2910140
2878784
2831852
2930509
2890199
2865560
2862174
2870936
2878943
2862640
2827336
2908974
2864748
2948212
2803588
2839050
2823854
2953528
2821517
2862294
2824655
2938714
3272463
2875509
2891590
2921355
2812831
2883410
2919812
2851393
2844437
2816630
2866757
2867560
2836396
2831276
2946821
2838534
3208086
2861579
2829901
2866779
2804109
2920891
2831872
2875760
2820537
2947837
2935633
2947120
2893244
2933627
2817927
2832406
2943501
2895638
2825638
2867335
2951528
2814883
2833170
2821094
2953421
2812225
2953770
2878166
2821558
2959223
2872580
2810289
2866473
2951881
2872079
2817733
2833050
2884344
2892808
2836390
2814127
2920229
2953544
2920842
2959390
2855243
2872585
2855065
2880726
2836616
2848335
2953413
2835345
2924326
2841386
2880215
2947919
2815180
2834594
2807788
2953321
3207377
2951404
2933986
2830829
2877843
2826584
2911795
2907459
2856883
2935642
2851343
2852422
2946923
2890795
2869449
2821248
2940204
2904607
2862724
2853071
2835018
2955951
2856038
2848762
2869196
2818929
2878773
2890586
2846939
2853928
2947133
2924788
2956940
2867445
2880539
2948071
2905599
2896736
2857363
3206402
2959498
2920348
2880913
2921528
2885672
3207383
2953558
2866942
2867127
2837093
2871680
2921061
2873992
2881291
2901872
2854967
2946428
2905206
2837115
2912863
2951923
2874509
2857167
2904667
2863712
2932788
2812067
2893544
2821899
2880099
2920883
2851928
2936909
2814874
2807218
2903810
2830851
2905290
2814392
2919438
2939820
2856530
2959279
2944800
2839888
2911584
2849495
2942281
2879159
2958128
2881695
2953213
2912681
2814153
2953537
2860021
2928659
2815035
2844277
2856637
2862696
2908398
2815804
2908330
2911556
2958032
2878912
2857159
2874048
2878673
2944828
2948746
2921816
2835482
2931521
2934020
2904591
2853292
2890197
2804922
2871538
2916966
2843415
2930948
2855984
2933410
2948840
2870194
2820775
2871829
2959374
2843747
2948261
2885714
2953545
2953529
2916996
2953456
2860477
2873056
2817873
2883920
2847666
2812655
2853471
2929484
2930646
2938837
2872244
2932748
2904741
3208134
2957886
2827318
2948944
2945740
2816776
2817339
2822160
2809013
2865813
2941595
2827479
2939167
2911214
2953374
2953008
2911491
2842131
2938633
2873776
2930461
2859439
2917520
2899048
2937317
2953568
2956253
2814462
2803655
2947026
2924461
2851567
2816616
2848845
2901406DE
2861802
2926858
2955259
2813390
2914101
2859532
2855029
2863795
2842331
2865641
2957829
2876755
2868782
2947465
2877082
2959368
2845035
2958917
2832939
2952564
2836809
2814599
2838529
2920652
2829422
2939763
2861801
2809362
2945073
2931424
2854706
2832921
3208606
2808315
2926304
2925905
2853435
2831896
2871716
2850808
2826258
2948184
2847662
2865603
2953525
2947125
2915294
2835297
2925629
2839764
2953194
2852909
2937407
2872428
2828228
2911665
2861721
2821963
2814846
2951679
2945591
2874239
2895731
2852054
2910514
2814632
2951111
2874263
2959296
2924335
2854152
2881259
2816702
2938190
2880111
2845924
2953424
2909335
2850213
2913693
2922085
2841039
2915529
2880862
2907488
2918204
2833641
2872519
2958288
2903016
2893837
2951346
2953548
2806105
2880308
2817483
2917848
2862698
2951926
2856107
2920728
2830674
2821216
2851465
2817139
2815186
2806946
2941090
2808461
2809042
2810815
2939747
2905878
2878074
2852233
2950130
2886924
2872611
2858245
2845027
2884403
2955817
3336895
2909944
2878289
2945136
2937164
2907616
2958798
2852129
2885540
2881771
2905372
2856184
2901348
2928047
2827166
2859843
2817909
2953405
2815101
2918844
2835635
2946270
2811698
2955068
2955050
2937280
2842112
2929122
2918241
2880547
2814077
2911964
2861982
2890527
2898364
2885912
2822868
2822073
2852512
2953003
2941190
2875625
2918405
2923410
2903175DE
2876282
2811034
2936885
2865155
2856944
2937073
2953350
2844616
2871367
2949240
2889709
2887194
2894897
2872777
2946980
3209420
2813864
2818677
2929817
2878270
2875987
2906152
2942017
2934737
2948282
2959553
2930426
2867770
2870079
2815059
2953314
2815735
2873308
2910720
2851615
2949998
2896547
2898079
2806108
2850894
2929650
2869994
2956729
2832232
2842621
2871636
2863517
2848175
2870269
2809241
2815824
2810413
2863716
2922112
2917325
2940383
2946172
2948222
2813410
2933897
2875656
2846158
2847198
2869019
2936470
2915613
2867229
2918041
2876461
2934915
2931828
2926667
2876027
2881889
2943573
2924820
2918612
2838673
2811348
2836532
2847588
2831802
2809100
2867262
2842315
2883591
2890478
2958744
2924656
2959548
2842175
2887140
2855937
2816795
2817736
2834081
2953407
2821085
2841178
2873340
2817130
3205653
2850536
2880978
2915067
2905643
2852198
3207567
3207786
2905916
2841351
2810188
2951950
2884026
2869808
2857172
2956434
2922747
2846286
2890314
2848543
2841204
2949367
2898876
2941207
2861866
2848251
2918258
2820419
2821065
2805419
2812625
2822484
3205570
2820423
2821690
2818155
2910663
2958908
2879378
2931433
2812158
2874039
2947449
2890202
2880121
2902235
2941413
2923815
2850132
2931372
2951556
2834548
2861817
2953449
2874131
3208325
2942147
2809778
2821843
2909386
2851962
2809134
2871284
2836084
2885760
2832231
2916936
2928239
2872649
2869257
2808544
2944181
2952398
2915367
2820249
2934014
2900740
2814362
2953355
2924854
2942930
2907889
2805615
2862460
2845229
2910694
2882028
2896817
2872796
2905527DE
2947584
2956891
2930778
2896263
2823533
2923503
2917206
2830652
2880181
2928011
2862525
2952973
2852440
2941694
2811342
2857037
2901420
2959793
2927930
2839819
2838922
2810840
2806081
2809718
2841895
2881767
2930071
2863638
2935816
2920999
2939990
2859481
2871953
2847655
2857291
2861923
2864558
2944820
2831671
2824229
2880684
2840179
2837470
2915124
2935647
2834740
2824593
2944028
2835256
2814733
2900889
2835596
2905154
2853310
2951175
2891343
2810832
2856014
3272450
2941416
2852841
2847210
2871979
2832841
2956847
2823728
2915076
2813152
2856222
2934965
2807736
2832003
2845131
2930408
2846715
2876787
2843042
2811614
2920776
2929224
2940419
2847695
2856162
2820860
2950037
2952814
2855683
2848811
2833163
2872047
2882399
2857306
2872527
2806646
2898541
2817970
2852280
2858787
2853900
2868853
2928116
2953394
2863088
2934560
2886382
2911514
2901984
2828907
2861232
2910108
2890592
2883504
2863756
2843256
2807344
2834945
2927913
2903327
2958188
2849017
2929429
2833592
2880425
2896776
2858729
2875785
2874122
2853572
2847689
2953357
2856839
2945270
2856024
2928170
2915556
2917579
2848725
2837096
2935441
2958391
2919310
2953403
2842144
2824227
2807335
2824753
2868807
2921165
2953363
2850523
2910280
2924360
2902818
2847049
2896731
2939754
2849689
2874978
2813433
2954127
2942992
2838053
2836040
2862713
2847658
2858562
2892485
2843355
2880758
2875645
2908678
2939442
2805597
2837572
2805910
2829765
2821418
2852757
2840590
2879653
2882161
2857985
2938991
2942159
3205000
2810775
2937919
2886363
2906015
2878944
2879895
2882265
2846229
2810204
7290255
2913428
2939370
2813786
2936385
2934033
2929305
2885436
2953400
2908273
2902559
2810878
2948895
2937018
2945341
2926147
2945055
2803537
2925665
2924201
2912481
2817202
2891282
2894945
2891831
2820436
2948307
3272459
2814880
2952261
2891014
2897216
2894944
2866774
2945907
2953276
2959489
2823608
2856139
2940457
2887380
2815128
2851994
2805193
2836455
2864475
2803620
2853202
2883471
2871166
2808306
2929252
2896616
3225108
2815563
2853971
2919765
2807549
2895617
2866336
2851337
2938136
2810969
2940416
2831685
2900341
2940929
2822958
2880146
2918088
2953379
2922309
2823081
2862675
2857900
2909204
2826503
2821251
2941028
2925086
2865798
2853260
2870025
2842728
2935303
2813262
2844604
3208618
2845268
2958707
2904552
2947312
2906625
2891605
2813427
2812752
2865575
2938403
2946321
2820716
2947894
2806325
2953384
2907589
2849446
2934886
2809444
2869931
2953315
2929649
2949032
2882237
2955431
2818170
2823230
2883777
2841835
2929614
2914872
2814181
2896483
2885800
3274989
2938924
2857756
2880357
2928163
2892810
2822930
2955368
2843897
2930626
2929837
2831699
2881263
2813407
2934635
2959842
2933987
2828206
2863031
2870911
2933216
2855025
2821395
2844072
3207220
2918707
2814592
2850425
2869221
2919908
2874042
2896476
2924850
2879375
2822368
2954048
2856073
2936827
2931357
2959343
2913286
2942614
2939687
2809628
2803891
2945982
2891212
2952531
2882543
2807748
2957459
2932828
2814888
2863049
2879200
2894014
2811000
2843258
2857752
2863457
2894247
2914801
2955745
2884850
2906143
2901601
2805480
2820498
2949970
2936822
2835477
2850303
2956014
2910949
2929247
3208620
2830919
2934235
2897431
2913555
2953334
2845146
2911051
2930432
2810860
2873852
2920268
2812522
2899620
2931838
2912782
2819081
2857847
2875286
2863441
2875868
2855598
2830100
2827610
2885746
2806192
2921379
2920939
2877647
2864468
